m = [1 2 3 4 5];

n = m - 3